<?xml version="1.0" encoding="UTF-8" standalone="no"?>
<!DOCTYPE svg PUBLIC "-//W3C//DTD SVG 20010904//EN"
              "http://www.w3.org/TR/2001/REC-SVG-20010904/DTD/svg10.dtd">

<svg xmlns="http://www.w3.org/2000/svg"
     width="3.6in" height="3.6in"
     viewBox="0 0 324 324">
  <path id="Selection #1"
        fill="none" stroke="black" stroke-width="1"
        d="M 245.00,137.00
           C 238.49,138.86 232.21,142.84 226.00,145.69
             226.00,145.69 188.00,162.58 188.00,162.58
             154.31,176.71 120.03,187.77 85.00,198.00
             80.20,186.68 76.15,175.49 76.00,163.00
             75.44,114.98 112.99,75.90 161.00,74.04
             161.00,74.04 179.95,75.53 179.95,75.53
             183.54,74.64 185.52,70.66 183.67,67.39
             181.50,63.53 171.10,63.05 167.00,63.00
             141.56,62.71 120.12,67.97 100.00,84.46
             85.79,96.11 74.58,112.47 69.03,130.00
             67.36,135.27 65.96,141.52 65.29,147.00
             64.90,150.13 65.44,154.09 63.40,156.61
             63.40,156.61 46.00,167.58 46.00,167.58
             33.84,175.17 11.81,191.15 4.47,203.00
             -4.74,217.84 -0.28,229.95 17.00,234.10
             20.47,234.94 29.38,235.95 33.00,236.00
             33.00,236.00 40.00,236.00 40.00,236.00
             48.79,235.89 65.98,233.32 75.00,231.75
             78.45,231.15 88.21,228.59 91.00,229.48
             93.22,230.19 99.56,235.79 102.00,237.63
             108.62,242.60 115.33,246.81 123.00,249.99
             160.24,265.44 204.88,257.78 232.91,228.00
             244.37,215.82 251.24,202.91 255.96,187.00
             255.96,187.00 258.83,173.00 258.83,173.00
             259.21,169.29 258.48,166.37 261.31,163.39
             261.31,163.39 276.00,154.19 276.00,154.19
             287.61,147.07 307.13,133.41 315.33,123.00
             319.65,117.52 323.65,112.19 323.96,105.00
             324.69,88.35 308.34,85.02 295.00,85.00
             280.52,84.98 271.48,85.18 257.00,87.42
             257.00,87.42 234.00,91.40 234.00,91.40
             230.55,90.99 227.59,87.60 225.00,85.44
             221.22,82.28 215.37,77.88 211.00,75.71
             207.38,73.91 201.54,72.75 200.33,78.06
             198.98,84.00 205.10,86.12 209.00,88.75
             209.00,88.75 215.00,93.26 215.00,93.26
             225.31,101.64 234.08,111.85 239.69,124.00
             239.69,124.00 245.00,137.00 245.00,137.00 Z
           M 65.00,170.00
           C 65.36,172.77 66.34,176.00 64.39,178.39
             63.11,179.95 57.07,183.36 55.00,184.69
             49.19,188.43 41.60,193.57 37.39,199.00
             32.48,205.34 33.77,212.07 42.00,214.43
             44.28,215.09 47.59,215.00 50.00,215.00
             50.00,215.00 55.00,215.00 55.00,215.00
             70.58,214.81 103.26,204.92 119.00,200.02
             159.56,187.42 199.95,171.65 238.00,152.75
             250.55,146.52 265.94,138.28 277.00,129.87
             281.24,126.64 288.63,120.53 289.53,115.00
             290.51,108.95 284.06,105.61 279.00,105.04
             268.04,103.82 255.70,106.85 245.00,109.00
             245.00,109.00 241.00,102.00 241.00,102.00
             258.27,98.75 273.25,95.97 291.00,96.00
             296.32,96.01 309.88,96.54 312.25,102.21
             314.56,107.74 307.56,115.46 303.99,118.96
             293.04,129.71 274.34,141.60 261.00,149.60
             215.81,176.70 147.35,202.75 96.00,215.53
             80.21,219.45 48.87,225.00 33.00,225.00
             27.57,225.00 14.83,224.18 12.04,218.89
             9.21,213.55 16.65,205.58 20.09,202.04
             30.18,191.66 51.96,176.90 65.00,170.00 Z
           M 278.00,116.00
           C 272.87,121.08 261.07,128.66 254.00,130.00
             254.00,130.00 251.00,119.00 251.00,119.00
             251.00,119.00 278.00,116.00 278.00,116.00 Z
           M 247.00,171.00
           C 246.57,180.39 243.37,189.63 239.24,198.00
             220.93,235.14 181.10,253.66 141.00,243.87
             129.43,241.05 113.70,234.24 106.00,225.00
             106.00,225.00 142.00,213.98 142.00,213.98
             142.00,213.98 191.00,195.94 191.00,195.94
             191.00,195.94 230.00,178.69 230.00,178.69
             230.00,178.69 247.00,171.00 247.00,171.00 Z
           M 69.00,190.00
           C 69.00,190.00 73.00,201.00 73.00,201.00
             73.00,201.00 46.00,206.00 46.00,206.00
             50.94,199.72 61.65,193.28 69.00,190.00 Z" />
</svg>
