<?xml version="1.0" encoding="UTF-8" standalone="no"?>
<!DOCTYPE svg PUBLIC "-//W3C//DTD SVG 20010904//EN"
              "http://www.w3.org/TR/2001/REC-SVG-20010904/DTD/svg10.dtd">

<svg xmlns="http://www.w3.org/2000/svg"
     width="6.66667in" height="6.66667in"
     viewBox="0 0 2000 2000">
  <path id="Selection"
        fill="none" stroke="black" stroke-width="1"
        d="M 19.00,0.00
           C 19.00,0.00 19.00,13.00 19.00,13.00
             19.00,13.00 17.00,28.00 17.00,28.00
             17.00,28.00 17.00,110.00 17.00,110.00
             17.00,110.00 17.00,273.00 17.00,273.00
             17.00,273.00 17.00,724.00 17.00,724.00
             17.00,724.00 19.00,746.00 19.00,746.00
             19.00,746.00 342.00,746.00 342.00,746.00
             342.00,746.00 357.00,745.00 357.00,745.00
             357.00,745.00 461.00,745.00 461.00,745.00
             461.00,745.00 690.00,745.00 690.00,745.00
             690.00,745.00 705.00,744.00 705.00,744.00
             705.00,744.00 808.00,744.00 808.00,744.00
             808.00,744.00 1035.00,744.00 1035.00,744.00
             1035.00,744.00 1055.00,743.00 1055.00,743.00
             1055.00,743.00 1055.00,739.00 1055.00,739.00
             1055.00,739.00 1062.00,741.00 1062.00,741.00
             1062.00,741.00 1075.00,739.00 1075.00,739.00
             1075.00,739.00 1075.00,749.00 1075.00,749.00
             1075.00,749.00 1080.00,749.00 1080.00,749.00
             1080.00,749.00 1081.00,769.00 1081.00,769.00
             1081.00,769.00 1075.57,771.43 1075.57,771.43
             1075.57,771.43 1074.96,782.00 1074.96,782.00
             1074.96,782.00 1074.96,795.00 1074.96,795.00
             1074.96,795.00 1074.00,805.00 1074.00,805.00
             1074.00,805.00 1074.00,832.00 1074.00,832.00
             1074.00,832.00 1073.00,849.00 1073.00,849.00
             1073.00,849.00 1072.00,916.00 1072.00,916.00
             1072.00,916.00 1071.00,933.00 1071.00,933.00
             1071.00,933.00 1071.00,958.00 1071.00,958.00
             1071.00,958.00 1070.00,974.00 1070.00,974.00
             1070.00,974.00 1070.00,990.00 1070.00,990.00
             1071.92,990.23 1073.91,990.27 1075.20,991.74
             1078.38,994.66 1076.53,1002.73 1075.20,1006.00
             1075.20,1006.00 1077.00,1011.00 1077.00,1011.00
             1077.00,1011.00 301.00,1011.00 301.00,1011.00
             301.00,1011.00 301.00,1041.00 301.00,1041.00
             301.00,1041.00 300.00,1058.00 300.00,1058.00
             300.00,1058.00 300.00,1083.00 300.00,1083.00
             300.00,1083.00 299.00,1099.00 299.00,1099.00
             299.00,1099.00 299.00,1116.00 299.00,1116.00
             299.00,1116.00 497.00,1116.00 497.00,1116.00
             497.00,1116.00 512.00,1117.00 512.00,1117.00
             512.00,1117.00 710.00,1117.00 710.00,1117.00
             710.00,1117.00 725.00,1118.00 725.00,1118.00
             725.00,1118.00 925.00,1118.00 925.00,1118.00
             925.00,1118.00 940.00,1119.00 940.00,1119.00
             940.00,1119.00 1138.00,1119.00 1138.00,1119.00
             1138.00,1119.00 1153.00,1120.00 1153.00,1120.00
             1153.00,1120.00 1348.00,1120.00 1348.00,1120.00
             1348.00,1120.00 1363.00,1121.00 1363.00,1121.00
             1363.00,1121.00 1572.00,1121.00 1572.00,1121.00
             1572.00,1121.00 1574.00,1138.00 1574.00,1138.00
             1574.00,1138.00 1574.00,1255.00 1574.00,1255.00
             1574.00,1255.00 1359.00,1255.00 1359.00,1255.00
             1359.00,1255.00 1344.00,1254.00 1344.00,1254.00
             1344.00,1254.00 1156.00,1254.00 1156.00,1254.00
             1156.00,1254.00 1141.00,1253.00 1141.00,1253.00
             1141.00,1253.00 978.00,1253.00 978.00,1253.00
             978.00,1253.00 959.00,1255.00 959.00,1255.00
             959.00,1255.00 959.00,1354.00 959.00,1354.00
             959.00,1354.00 958.00,1375.00 958.00,1375.00
             958.00,1375.00 919.00,1376.00 919.00,1376.00
             919.00,1376.00 858.00,1376.00 858.00,1376.00
             858.00,1376.00 670.00,1376.00 670.00,1376.00
             670.00,1376.00 670.00,1570.00 670.00,1570.00
             670.00,1570.00 669.00,1585.00 669.00,1585.00
             669.00,1585.00 669.00,1774.00 669.00,1774.00
             669.00,1774.00 668.00,1789.00 668.00,1789.00
             668.00,1789.00 668.00,1987.00 668.00,1987.00
             668.00,1987.00 648.00,1987.00 648.00,1987.00
             648.00,1987.00 648.00,1776.00 648.00,1776.00
             648.00,1776.00 649.00,1761.00 649.00,1761.00
             649.00,1761.00 649.00,1570.00 649.00,1570.00
             649.00,1570.00 650.00,1555.00 650.00,1555.00
             650.00,1555.00 650.00,1475.00 650.00,1475.00
             650.00,1475.00 650.00,1370.00 650.00,1370.00
             650.00,1370.00 651.00,1356.00 651.00,1356.00
             651.00,1356.00 938.00,1356.00 938.00,1356.00
             938.00,1356.00 939.00,1319.00 939.00,1319.00
             939.00,1319.00 939.00,1255.00 939.00,1255.00
             939.00,1255.00 936.06,1255.00 936.06,1255.00
             936.06,1255.00 936.06,1246.00 936.06,1246.00
             936.06,1246.00 938.00,1232.00 938.00,1232.00
             938.00,1232.00 948.00,1232.00 948.00,1232.00
             948.00,1232.00 963.00,1233.00 963.00,1233.00
             963.00,1233.00 1153.00,1233.00 1153.00,1233.00
             1153.00,1233.00 1168.00,1234.00 1168.00,1234.00
             1168.00,1234.00 1359.00,1234.00 1359.00,1234.00
             1359.00,1234.00 1374.00,1235.00 1374.00,1235.00
             1374.00,1235.00 1554.00,1235.00 1554.00,1235.00
             1554.00,1235.00 1554.00,1141.00 1554.00,1141.00
             1554.00,1141.00 1351.00,1141.00 1351.00,1141.00
             1351.00,1141.00 1336.00,1140.00 1336.00,1140.00
             1336.00,1140.00 1139.00,1140.00 1139.00,1140.00
             1139.00,1140.00 1124.00,1139.00 1124.00,1139.00
             1124.00,1139.00 926.00,1139.00 926.00,1139.00
             926.00,1139.00 911.00,1138.00 911.00,1138.00
             911.00,1138.00 714.00,1138.00 714.00,1138.00
             714.00,1138.00 699.00,1137.00 699.00,1137.00
             699.00,1137.00 500.00,1137.00 500.00,1137.00
             500.00,1137.00 485.00,1136.00 485.00,1136.00
             485.00,1136.00 289.00,1136.00 289.00,1136.00
             289.00,1136.00 280.74,1134.40 280.74,1134.40
             280.74,1134.40 279.00,1127.00 279.00,1127.00
             279.00,1127.00 279.00,1102.00 279.00,1102.00
             279.00,1102.00 279.00,1081.00 279.00,1081.00
             279.00,1081.00 280.00,1066.00 280.00,1066.00
             280.00,1066.00 280.00,1041.00 280.00,1041.00
             280.00,1041.00 280.88,1026.00 280.88,1026.00
             280.88,1026.00 280.88,1013.17 280.88,1013.17
             280.88,1013.17 279.00,1004.00 279.00,1004.00
             279.00,1004.00 279.00,991.00 279.00,991.00
             279.00,991.00 1041.00,991.00 1041.00,991.00
             1041.00,991.00 1048.98,989.40 1048.98,989.40
             1048.98,989.40 1050.00,982.00 1050.00,982.00
             1050.00,982.00 1050.00,958.00 1050.00,958.00
             1050.00,958.00 1051.00,941.00 1051.00,941.00
             1051.00,941.00 1051.00,918.00 1051.00,918.00
             1051.00,918.00 1052.00,901.00 1052.00,901.00
             1052.00,901.00 1053.00,832.00 1053.00,832.00
             1053.00,832.00 1054.00,815.00 1054.00,815.00
             1054.00,815.00 1054.00,790.00 1054.00,790.00
             1054.00,790.00 1054.96,778.00 1054.96,778.00
             1054.96,778.00 1054.96,764.00 1054.96,764.00
             1054.96,764.00 720.00,764.00 720.00,764.00
             720.00,764.00 705.00,765.00 705.00,765.00
             705.00,765.00 601.00,765.00 601.00,765.00
             601.00,765.00 373.00,765.00 373.00,765.00
             373.00,765.00 358.00,766.00 358.00,766.00
             358.00,766.00 240.00,766.00 240.00,766.00
             240.00,766.00 4.00,766.00 4.00,766.00
             4.00,761.56 3.28,758.69 6.00,755.00
             6.00,755.00 0.00,754.00 0.00,754.00
             0.00,754.00 0.00,2000.00 0.00,2000.00
             0.00,2000.00 2000.00,2000.00 2000.00,2000.00
             2000.00,2000.00 2000.00,0.00 2000.00,0.00
             2000.00,0.00 19.00,0.00 19.00,0.00 Z" />
</svg>
