<?xml version="1.0" encoding="UTF-8" standalone="no"?>
<!DOCTYPE svg PUBLIC "-//W3C//DTD SVG 20010904//EN"
              "http://www.w3.org/TR/2001/REC-SVG-20010904/DTD/svg10.dtd">

<svg xmlns="http://www.w3.org/2000/svg"
     width="22.2222in" height="13.5333in"
     viewBox="0 0 2000 1218">
  <path id="Selection #1"
        fill="none" stroke="black" stroke-width="1"
        d="M 0.00,0.00
           C 0.00,0.00 0.00,1218.00 0.00,1218.00
             0.00,1218.00 2000.00,1218.00 2000.00,1218.00
             2000.00,1218.00 2000.00,0.00 2000.00,0.00
             2000.00,0.00 164.00,0.00 164.00,0.00
             164.00,0.00 164.00,546.00 164.00,546.00
             164.00,546.00 825.00,546.00 825.00,546.00
             825.00,546.00 840.00,547.00 840.00,547.00
             840.00,547.00 1063.00,547.00 1063.00,547.00
             1063.00,547.00 1508.00,547.00 1508.00,547.00
             1508.00,547.00 1506.00,562.00 1506.00,562.00
             1506.00,562.00 1506.00,600.00 1506.00,600.00
             1506.00,600.00 1187.00,600.00 1187.00,600.00
             1187.00,600.00 1172.00,599.00 1172.00,599.00
             1172.00,599.00 976.00,599.00 976.00,599.00
             976.00,599.00 544.00,599.00 544.00,599.00
             544.00,599.00 529.00,598.00 529.00,598.00
             529.00,598.00 426.00,598.00 426.00,598.00
             426.00,598.00 220.00,598.00 220.00,598.00
             220.00,598.00 220.00,613.00 220.00,613.00
             220.00,613.00 221.00,628.00 221.00,628.00
             221.00,628.00 221.00,666.00 221.00,666.00
             221.00,666.00 222.00,682.00 222.00,682.00
             222.00,682.00 222.00,702.00 222.00,702.00
             222.00,702.00 405.00,702.00 405.00,702.00
             405.00,702.00 420.00,703.00 420.00,703.00
             420.00,703.00 538.00,703.00 538.00,703.00
             538.00,703.00 798.00,703.00 798.00,703.00
             798.00,703.00 813.00,704.00 813.00,704.00
             813.00,704.00 905.00,704.00 905.00,704.00
             905.00,704.00 1088.00,704.00 1088.00,704.00
             1088.00,704.00 1190.00,704.00 1190.00,704.00
             1190.00,704.00 1205.00,705.00 1205.00,705.00
             1205.00,705.00 1396.00,705.00 1396.00,705.00
             1396.00,705.00 1396.00,792.00 1396.00,792.00
             1396.00,792.00 1397.08,807.00 1397.08,807.00
             1397.08,807.00 1397.08,889.00 1397.08,889.00
             1397.08,889.00 1397.08,894.83 1397.08,894.83
             1397.61,896.90 1402.80,907.34 1391.00,906.38
             1384.96,905.88 1382.91,904.86 1376.00,905.01
             1365.00,905.26 1350.90,908.48 1341.00,913.26
             1331.60,917.80 1323.63,922.71 1316.17,930.17
             1291.18,955.16 1282.53,997.46 1300.00,1029.00
             1300.00,1029.00 1345.00,1015.67 1345.00,1015.67
             1373.47,1006.18 1401.72,995.22 1429.00,982.69
             1429.00,982.69 1460.00,968.00 1460.00,968.00
             1455.22,953.67 1448.94,940.86 1437.91,930.17
             1434.78,927.13 1427.69,921.48 1424.00,919.09
             1421.20,917.28 1416.68,915.37 1415.66,911.96
             1414.55,908.28 1417.77,904.19 1423.00,905.83
             1430.95,908.33 1443.13,921.11 1447.00,922.36
             1450.35,923.44 1458.28,920.95 1462.00,920.26
             1470.54,918.67 1487.65,916.10 1496.00,916.00
             1496.00,916.00 1509.00,916.00 1509.00,916.00
             1514.50,916.01 1517.63,916.23 1523.00,917.75
             1537.42,921.81 1543.62,932.68 1535.29,946.00
             1526.08,960.74 1510.31,971.84 1496.00,981.33
             1496.00,981.33 1475.60,994.39 1475.60,994.39
             1473.53,996.97 1474.08,1001.66 1473.56,1005.00
             1472.42,1012.29 1470.77,1018.08 1468.31,1025.00
             1461.06,1045.35 1446.31,1062.83 1428.00,1074.19
             1400.05,1091.51 1365.83,1093.46 1336.00,1079.69
             1328.83,1076.38 1322.23,1071.93 1316.00,1067.11
             1313.44,1065.13 1308.83,1060.53 1306.00,1059.90
             1303.75,1059.39 1293.07,1062.02 1290.00,1062.58
             1280.98,1064.20 1262.79,1066.89 1254.00,1067.00
             1240.39,1067.16 1213.31,1065.37 1215.10,1046.00
             1215.80,1038.43 1221.89,1031.17 1227.00,1026.00
             1237.74,1015.14 1250.08,1006.06 1263.00,997.95
             1263.00,997.95 1278.40,988.37 1278.40,988.37
             1280.20,986.32 1280.62,976.43 1281.26,973.00
             1282.94,963.98 1286.07,955.15 1290.26,947.00
             1308.42,911.66 1350.14,887.86 1390.00,895.00
             1390.00,895.00 1390.00,814.00 1390.00,814.00
             1390.00,814.00 1389.00,799.00 1389.00,799.00
             1389.00,799.00 1389.00,712.00 1389.00,712.00
             1389.00,712.00 1202.00,712.00 1202.00,712.00
             1202.00,712.00 1187.00,711.00 1187.00,711.00
             1187.00,711.00 1069.00,711.00 1069.00,711.00
             1069.00,711.00 810.00,711.00 810.00,711.00
             810.00,711.00 795.00,710.00 795.00,710.00
             795.00,710.00 703.00,710.00 703.00,710.00
             703.00,710.00 520.00,710.00 520.00,710.00
             520.00,710.00 417.00,710.00 417.00,710.00
             417.00,710.00 402.00,709.00 402.00,709.00
             402.00,709.00 212.00,709.00 212.00,709.00
             212.00,709.00 212.00,702.00 212.00,702.00
             212.00,702.00 215.00,702.00 215.00,702.00
             215.00,702.00 215.00,686.00 215.00,686.00
             215.00,686.00 214.00,671.00 214.00,671.00
             214.00,671.00 214.00,633.00 214.00,633.00
             214.00,633.00 213.00,616.00 213.00,616.00
             213.00,616.00 213.00,591.00 213.00,591.00
             213.00,591.00 532.00,591.00 532.00,591.00
             532.00,591.00 547.00,592.00 547.00,592.00
             547.00,592.00 743.00,592.00 743.00,592.00
             743.00,592.00 1175.00,592.00 1175.00,592.00
             1175.00,592.00 1190.00,593.00 1190.00,593.00
             1190.00,593.00 1293.00,593.00 1293.00,593.00
             1293.00,593.00 1499.00,593.00 1499.00,593.00
             1499.00,593.00 1499.00,554.00 1499.00,554.00
             1499.00,554.00 838.00,554.00 838.00,554.00
             838.00,554.00 823.00,553.00 823.00,553.00
             823.00,553.00 622.00,553.00 622.00,553.00
             622.00,553.00 167.00,553.00 167.00,553.00
             167.00,553.00 158.60,551.40 158.60,551.40
             158.60,551.40 157.00,545.00 157.00,545.00
             157.00,545.00 157.00,523.00 157.00,523.00
             157.00,523.00 157.00,424.00 157.00,424.00
             157.00,424.00 157.00,0.00 157.00,0.00
             157.00,0.00 0.00,0.00 0.00,0.00 Z
           M 1375.00,919.30
           C 1393.23,918.37 1413.92,926.41 1427.00,939.04
             1430.43,942.36 1436.86,949.48 1438.30,954.00
             1439.33,957.23 1438.60,961.07 1434.94,962.16
             1430.20,963.57 1427.18,957.97 1424.68,955.00
             1418.36,947.50 1410.88,941.02 1402.00,936.78
             1387.00,929.62 1374.71,929.56 1359.00,933.96
             1355.18,935.03 1349.34,935.95 1347.84,930.94
             1346.69,927.08 1349.88,924.67 1353.02,923.40
             1360.52,920.35 1367.29,920.36 1375.00,919.30 Z" />
</svg>
